$ 1 0.0000049999999999999996 10.20027730826997 58 5 50 5e-11
a 832 288 912 288 8 5 -5 1000000 0 0 100000
a 976 304 1072 304 8 5 -5 1000000 0 0 100000
r 912 288 976 288 0 1000
w 976 288 976 240 0
w 1072 304 1072 240 0
174 976 240 1072 240 1 1000 0.3713 Resistance
g 976 320 976 368 0 0
r 832 352 912 352 0 220000
w 832 352 832 304 0
w 912 352 912 288 0
r 832 304 768 304 0 220000
c 832 272 768 272 4 1.0000000000000001e-7 0 0.001 0
g 768 272 736 272 0 0
w 912 192 912 288 0
w 832 112 832 272 0
w 1072 304 1152 304 0
r 1152 304 1200 304 0 1000
g 1200 304 1248 304 0 0
w 912 192 1248 192 0
r 912 192 912 144 0 1000000
s 912 144 912 112 0 1 true
s 960 144 960 112 0 1 true
r 960 192 960 144 0 1000
r 1056 192 1056 144 0 1000
s 1056 144 1056 112 0 1 true
s 1008 144 1008 112 0 1 true
r 1008 192 1008 144 0 1000
r 1200 192 1200 144 0 1000
s 1200 144 1200 112 0 1 true
s 1248 144 1248 112 0 1 true
r 1248 192 1248 144 0 1000
r 1152 192 1152 144 0 1000
s 1152 144 1152 112 0 1 true
s 1104 144 1104 112 0 1 true
r 1104 192 1104 144 0 1000
w 1248 112 832 112 0
g 768 304 736 304 0 0
